0.0021146616541353608 0.37725563909774446
0.036846689895470394 0.34320557491289205
0.07269278378874015 0.31863653035026596
0.1291748807995599 0.27894507610489644
0.1845841738492573 0.2449385659270127
0.25631762332660923 0.21096644049147262
0.32370827984595635 0.18077663671373562
0.37154605263157897 0.16381578947368425
0.4313548734641482 0.1468801577113516
0.47486532642582063 0.13938886851274535
0.5238120071520264 0.13001329543370627
0.5716807262057582 0.12442692096093894
0.6097497936915458 0.11692417018155143
0.6695844030808729 0.10946726572528886
0.721801072803961 0.10199431505593254
0.7544339125252154 0.0963758481569778
0.7968715615257655 0.09456950302585737
0.8458337153860259 0.09088116633046034
0.886084494773519 0.08527874564459931
0.9383063222079587 0.079701540436457
0.9851022373005683 0.07980011003117549