0.030252100840336138 29.86725663716814
0.06050420168067225 27.212389380530972
0.09075630252100841 24.02654867256637
0.13073229291716687 21.371681415929203
0.1717887154861945 18.982300884955748
0.2074429771908764 17.123893805309734
0.25930372148859543 15
0.30684273709483795 13.4070796460177
0.37274909963985603 11.415929203539822
0.4375750300120048 9.823008849557521
0.5034813925570228 8.628318584070797
0.5726290516206484 7.30088495575221
0.6352941176470588 6.238938053097343
0.7044417767106843 5.442477876106192
0.7735894357743098 4.7787610619468985
0.8308523409363745 4.380530973451325
0.8859543817527012 3.8495575221238916
0.9637454981992798 3.451327433628318